[Calibration]
volts_per_adc_step = 3.10391997316e-07
amps_per_adc_step = 2.69959655152e-08
phase_difference = -16.6344217687

