[Calibration]
volts_per_adc_step = 3.11441471389e-07
amps_per_adc_step = 1.94938081965e-08

